YOLO_OBB
15 182.336735 439.469388 808.000000 219.000000 -90.000000
15 499.000998 460.907273 774.135001 217.341553 -79.428957
15 64.000000 935.500000 125.000000 34.000000 -90.000000
15 150.000000 934.500000 125.000000 34.000000 -90.000000
15 232.000000 935.500000 125.000000 34.000000 -90.000000
15 317.000000 934.500000 125.000000 34.000000 -90.000000
15 403.000000 934.500000 125.000000 34.000000 -90.000000
15 489.000000 934.500000 125.000000 34.000000 -90.000000
15 576.000000 934.500000 125.000000 34.000000 -90.000000
15 665.000000 935.500000 125.000000 34.000000 -90.000000
