YOLO_OBB
15 429.315751 213.203569 260.905326 79.786087 1.612825
15 127.345528 288.452499 245.009635 73.548665 11.346388
15 785.191057 220.906504 209.000000 61.000000 2.926280
15 517.473833 408.427023 585.222565 151.031376 -8.508766
15 700.897230 297.837532 298.059218 94.719990 3.728342
15 824.845528 251.633462 206.295259 75.566015 -3.305297
15 118.979424 229.397119 84.000000 25.000000 0.000000
15 26.489712 226.416860 52.979424 19.039480 0.000000
15 344.195074 470.225564 682.831536 123.909007 -3.006196
15 802.308271 352.974377 248.378225 105.308497 -4.173397
